Epochs: 50
Picture size: 128
Losses: 
    0.007290434092283249
    0.004178241826593876
    0.00428227661177516
    0.0026607608888298273
    0.0020767762325704098
    0.0016778954304754734
    0.0015008022310212255
    0.001667435048148036
    0.0020457336213439703
    0.0014609303325414658
    0.0013072568690404296
    0.001207422581501305
    0.001067670644260943
    0.0013428673846647143
    0.0010075123282149434
    0.0018251206493005157
    0.0016262896824628115
    0.0010999900987371802
    0.0009257041965611279
    0.0010701685678213835
    0.0009359782561659813
    0.0008976322715170681
    0.001587185193784535
    0.0008794813184067607
    0.0007709510973654687
    0.0007258988334797323
    0.0006894795224070549
    0.0006684925174340606
    0.0007475469028577209
    0.0009794599609449506
    0.0007525222608819604
    0.0009149162215180695
    0.0006679415819235146
    0.0006926538189873099
    0.0006771720363758504
    0.0006170601700432599
    0.0006625094683840871
    0.00078571867197752
    0.0006169000989757478
    0.0006686510168947279
    0.0005416971980594099
    0.0010567979188635945
    0.0007235119701363146
    0.0004699334385804832
    0.0005964855081401765
    0.0005472695338539779
    0.000616559642367065
    0.0008762377547100186
    0.0005175094120204449
    0.0005174195975996554
Layers: 
    Conv2d(3, 128, kernel_size=(10, 10), stride=(1, 1))
    ReLU(inplace=True)
    Conv2d(128, 64, kernel_size=(5, 5), stride=(1, 1))
    ReLU(inplace=True)
    Conv2d(64, 32, kernel_size=(5, 5), stride=(1, 1))
    ReLU(inplace=True)
